{
  "height": 40,
  "width": 40,
  "x": 1281.984375,
  "y": 118.390625
}